0  -1 -1 -1 -1 -1 -1 -1 -1
1  -1 -1 -1 -1 -1 -1 -1 -1
2  -1 -1 -1 -1 -1 -1 -1 -1
3   0  1 -1 -1 -1 -1 -1 -1
4  -1 -1 -1 -1 -1 -1 -1 -1 
5   0  2 -1 -1 -1 -1 -1 -1 
6   1  2 -1 -1 -1 -1 -1 -1
7   0  4  2  4  1  4 -1 -1
8  -1 -1 -1 -1 -1 -1 -1 -1
9   3  0 -1 -1 -1 -1 -1 -1
10  3  1 -1 -1 -1 -1 -1 -1
11  3  4  0  4  1  4 -1 -1
12  2  3 -1 -1 -1 -1 -1 -1
13  3  4  0  4  2  4 -1 -1
14  3  4  1  4  2  4 -1 -1
15  3  0  1  2 -1 -1 -1 -1
16  0  1  2  3 -1 -1 -1 -1
17  0  1  2  3 -1 -1 -1 -1
18  3  0  1  2 -1 -1 -1 -1
19  3  4  1  4  0  4  2  4
