0  -1 -1 -1 -1 -1 -1 -1 -1
1  -1 -1 -1 -1 -1 -1 -1 -1
2  -1 -1 -1 -1 -1 -1 -1 -1
3   1  0 -1 -1 -1 -1 -1 -1
4  -1 -1 -1 -1 -1 -1 -1 -1 
5   1  0 -1 -1 -1 -1 -1 -1 
6   2  1 -1 -1 -1 -1 -1 -1
7   1  0  3  2  2  1 -1 -1
8  -1 -1 -1 -1 -1 -1 -1 -1
9   0  3 -1 -1 -1 -1 -1 -1
10  0  3 -1 -1 -1 -1 -1 -1
11  0  3  1  0  2  1 -1 -1
12  3  2 -1 -1 -1 -1 -1 -1
13  0  3  1  0  3  2 -1 -1
14  0  3  2  1  3  2 -1 -1
15  0  3  2  1 -1 -1 -1 -1
16  1  0  3  2 -1 -1 -1 -1
17  1  0  3  2 -1 -1 -1 -1
18  0  3  2  1 -1 -1 -1 -1
19  0  3  2  1  1  0  3  2
